%%
% May 24
% == test4 remove 5 limit
weights4 = [0.35, 0.75, 0.83, 0.89, 0.93, 0.36,...
    0, 0.89, 0, 0];
weights4 = 1 - weights4;